1 0.48125 0.41015625 0.05078125 0.11953125
1 0.30078125 0.51953125 0.1015625 0.3015625
1 0.8765625 0.575 0.1015625 0.171875
1 0.50234375 0.67578125 0.0890625 0.24765625
1 0.09140625 0.7859375 0.1484375 0.2796875
1 0.23671875 0.86015625 0.12109375 0.2796875
1 0.3328125 0.3515625 0.04765625 0.1578125
1 0.44921875 0.2796875 0.04609375 0.11328125
1 0.42109375 0.18046875 0.053125 0.10390625
1 0.346875 0.24765625 0.04140625 0.0796875
1 0.2734375 0.275 0.0453125 0.1015625
1 0.2890625 0.1421875 0.025 0.06796875
1 0.34140625 0.15546875 0.0296875 0.0703125
1 0.32421875 0.0390625 0.02890625 0.06640625
1 0.2953125 0.0546875 0.02265625 0.03515625