1 0.60703125 0.6203125 0.09375 0.14296875
1 0.47265625 0.671875 0.0953125 0.15234375
1 0.26171875 0.7078125 0.1421875 0.28046875
1 0.4625 0.8390625 0.11171875 0.19140625
1 0.734375 0.56640625 0.0625 0.11328125
1 0.871875 0.5921875 0.071875 0.11796875
1 0.425 0.965625 0.1109375 0.06796875
1 0.49296875 0.49296875 0.07265625 0.1890625
1 0.609375 0.5234375 0.0609375 0.06875
1 0.2671875 0.46875 0.1140625 0.24375
1 0.06953125 0.4421875 0.09765625 0.24296875
1 0.0109375 0.334375 0.02109375 0.1421875
1 0.09921875 0.2828125 0.0625 0.10625
1 0.0859375 0.178125 0.05078125 0.09296875
1 0.28671875 0.20390625 0.05234375 0.125
1 0.3890625 0.340625 0.0328125 0.06484375
1 0.425 0.3640625 0.0390625 0.071875
1 0.503125 0.359375 0.06015625 0.17734375
1 0.58125 0.30859375 0.03046875 0.071875
1 0.64375 0.31328125 0.03203125 0.06640625
1 0.628125 0.27421875 0.0390625 0.06171875
1 0.61640625 0.24453125 0.03671875 0.05
1 0.5671875 0.23984375 0.0328125 0.06796875
1 0.5203125 0.2453125 0.02734375 0.06015625
1 0.5203125 0.18359375 0.025 0.046875
1 0.49765625 0.14453125 0.02578125 0.04453125
1 0.5625 0.1875 0.03515625 0.04609375
1 0.596875 0.15703125 0.0234375 0.03828125
1 0.56171875 0.146875 0.02421875 0.0375
1 0.9796875 0.42421875 0.040625 0.08125
1 0.95859375 0.39375 0.04140625 0.06875
1 0.9890625 0.37421875 0.021875 0.0703125
1 0.98359375 0.24609375 0.03203125 0.11015625
1 0.9171875 0.296875 0.04921875 0.07421875
1 0.85390625 0.28203125 0.03984375 0.07109375
1 0.96015625 0.240625 0.0234375 0.0765625
1 0.9015625 0.16640625 0.02734375 0.06171875
1 0.86328125 0.14921875 0.0265625 0.04921875
1 0.7921875 0.21171875 0.0328125 0.05859375
1 0.80703125 0.1671875 0.0234375 0.0484375
1 0.77578125 0.16875 0.0296875 0.0515625