1 0.6203125 0.66796875 0.10078125 0.159375
1 0.7640625 0.678125 0.09453125 0.165625
1 0.471875 0.69140625 0.09375 0.1546875
1 0.16640625 0.7234375 0.08984375 0.1453125
1 0.65078125 0.9359375 0.128125 0.12734375
1 0.6453125 0.81953125 0.10234375 0.14296875
1 0.875 0.59609375 0.06640625 0.1109375
1 0.7375 0.621875 0.06328125 0.11015625
1 0.73359375 0.56484375 0.06640625 0.08046875
1 0.70625 0.53125 0.06328125 0.08046875
1 0.61875 0.5 0.0890625 0.246875
1 0.4828125 0.565625 0.0609375 0.1125
1 0.50390625 0.48671875 0.06015625 0.10390625
1 0.33671875 0.596875 0.1046875 0.32265625
1 0.0765625 0.44765625 0.05078125 0.07578125
1 0.39609375 0.553125 0.0359375 0.1203125
1 0.4109375 0.4609375 0.0484375 0.07421875
1 0.66171875 0.3890625 0.0359375 0.06953125
1 0.58203125 0.38671875 0.0453125 0.04921875
1 0.5765625 0.31875 0.0375 0.05859375
1 0.50859375 0.30703125 0.05390625 0.15859375
1 0.43125 0.3796875 0.04765625 0.084375
1 0.38671875 0.3578125 0.04609375 0.071875
1 0.384375 0.25546875 0.0515625 0.1328125
1 0.3203125 0.23515625 0.03359375 0.05078125
1 0.35078125 0.228125 0.03203125 0.059375
1 0.5234375 0.22578125 0.0265625 0.0546875
1 0.56796875 0.2171875 0.025 0.0515625
1 0.5984375 0.1890625 0.02421875 0.05078125
1 0.91796875 0.35625 0.04296875 0.06953125
1 0.95703125 0.340625 0.0359375 0.05546875
1 0.9609375 0.290625 0.03125 0.06640625
1 0.878125 0.31953125 0.040625 0.06484375
1 0.9078125 0.28984375 0.04765625 0.07421875
1 0.92734375 0.25703125 0.03203125 0.0578125
1 0.878125 0.253125 0.0265625 0.059375
1 0.85 0.2953125 0.02890625 0.06015625
1 0.81953125 0.24765625 0.02578125 0.03984375
1 0.740625 0.175 0.02265625 0.059375
1 0.80703125 0.2265625 0.02109375 0.05625
1 0.8140625 0.17109375 0.0203125 0.06015625
1 0.76953125 0.146875 0.03515625 0.05625
1 0.84921875 0.22421875 0.0359375 0.04375