1 0.97421875 0.9265625 0.05078125 0.146875
2 0.434375 0.80859375 0.05234375 0.221875
2 0.63828125 0.66171875 0.04140625 0.17578125
2 0.69609375 0.7265625 0.0421875 0.215625
2 0.6703125 0.81796875 0.04765625 0.22265625
2 0.77734375 0.90859375 0.06015625 0.1828125
2 0.75546875 0.96875 0.0484375 0.0625
2 0.25234375 0.8984375 0.05703125 0.203125
2 0.03359375 0.9171875 0.0671875 0.16171875
2 0.12109375 0.771875 0.053125 0.221875
2 0.16484375 0.63828125 0.0453125 0.17421875
2 0.42890625 0.61171875 0.0484375 0.17578125
2 0.8046875 0.7890625 0.0609375 0.22109375
2 0.90546875 0.7125 0.04453125 0.215625
2 0.80859375 0.65390625 0.04921875 0.1296875
2 0.85546875 0.6578125 0.03828125 0.18515625
2 0.73828125 0.59609375 0.03359375 0.1703125
2 0.6828125 0.55859375 0.0390625 0.153125
2 0.64140625 0.4921875 0.03125 0.1359375
2 0.59140625 0.4578125 0.03125 0.13125
2 0.71875 0.39765625 0.02421875 0.11328125
2 0.771875 0.54296875 0.03125 0.1515625
2 0.84296875 0.5296875 0.0375 0.1234375
2 0.88515625 0.4765625 0.03671875 0.14765625
2 0.94609375 0.646875 0.04609375 0.1890625
2 0.98359375 0.61640625 0.0328125 0.1828125
2 0.93125 0.5109375 0.0359375 0.1109375
2 0.940625 0.528125 0.0375 0.06640625
2 0.9515625 0.44453125 0.0296875 0.13125
2 0.984375 0.50625 0.03046875 0.09609375
2 0.6328125 0.4234375 0.03125 0.0984375
2 0.76953125 0.43359375 0.03671875 0.1015625
2 0.815625 0.43515625 0.0328125 0.12734375
2 0.65859375 0.26484375 0.021875 0.08515625
2 0.56640625 0.3859375 0.025 0.1140625
2 0.6078125 0.3265625 0.0265625 0.096875
2 0.68046875 0.34921875 0.02890625 0.078125
2 0.73828125 0.29375 0.02578125 0.0984375
2 0.89921875 0.3453125 0.0296875 0.1046875
2 0.81640625 0.27734375 0.021875 0.09375
2 0.79296875 0.29609375 0.021875 0.09140625
2 0.85234375 0.3875 0.02421875 0.11484375
2 0.56796875 0.2875 0.02578125 0.08359375
2 0.58671875 0.3484375 0.02578125 0.09765625
2 0.478125 0.328125 0.02578125 0.10390625
2 0.45390625 0.3828125 0.03046875 0.10703125
2 0.54375 0.24609375 0.01953125 0.084375
2 0.26875 0.3046875 0.0203125 0.096875
2 0.1796875 0.3109375 0.02578125 0.0875
2 0.096875 0.4125 0.0265625 0.0984375
2 0.146875 0.54921875 0.034375 0.1359375
2 0.2578125 0.5671875 0.03359375 0.1546875
2 0.33359375 0.59296875 0.040625 0.1578125
2 0.37265625 0.54765625 0.03046875 0.15703125
2 0.3828125 0.3859375 0.025 0.11171875
2 0.325 0.47265625 0.03046875 0.12109375
2 0.32421875 0.35703125 0.02734375 0.0953125
2 0.26796875 0.446875 0.03125 0.115625
2 0.2234375 0.38203125 0.03359375 0.09765625
2 0.41484375 0.47421875 0.025 0.11875
2 0.4375 0.528125 0.03671875 0.1
2 0.23359375 0.82265625 0.06015625 0.2265625
2 0.2578125 0.72734375 0.053125 0.1828125
2 0.23046875 0.5203125 0.028125 0.153125
2 0.22109375 0.46796875 0.03203125 0.1234375
2 0.35625 0.271875 0.0203125 0.08984375
2 0.2953125 0.24765625 0.01796875 0.08046875
2 0.2796875 0.27421875 0.01953125 0.07265625
2 0.5921875 0.24140625 0.015625 0.0765625
2 0.6265625 0.225 0.01640625 0.0796875
2 0.38359375 0.275 0.01796875 0.08125
2 0.41484375 0.25 0.015625 0.0734375
2 0.32734375 0.2234375 0.0203125 0.075
2 0.87578125 0.31171875 0.02109375 0.096875
2 0.8109375 0.359375 0.02578125 0.06484375
2 0.771875 0.325 0.0234375 0.07109375
2 0.7171875 0.328125 0.0265625 0.07265625
2 0.6921875 0.290625 0.02265625 0.09375
2 0.8984375 0.28359375 0.028125 0.0640625
1 0.6625 0.10625 0.03984375 0.0484375
1 0.30078125 0.1234375 0.0390625 0.05546875
2 0.41484375 0.32265625 0.01796875 0.08984375
2 0.43203125 0.34609375 0.01953125 0.08984375
2 0.44296875 0.28515625 0.0234375 0.078125
2 0.46171875 0.24609375 0.01640625 0.0859375
2 0.29921875 0.2 0.0171875 0.06328125