1 0.49921875 0.6859375 0.2578125 0.33203125
1 0.32421875 0.52890625 0.17265625 0.1859375
1 0.24375 0.40625 0.15 0.19140625
1 0.15546875 0.2640625 0.13359375 0.16953125
1 0.284375 0.2015625 0.11015625 0.165625
1 0.50703125 0.4484375 0.18671875 0.20390625
1 0.4234375 0.35703125 0.13046875 0.18671875
1 0.7453125 0.925 0.29609375 0.15
1 0.85859375 0.83359375 0.25078125 0.22265625
1 0.73125 0.68828125 0.22734375 0.27734375
1 0.7875 0.48359375 0.23359375 0.2296875
1 0.9296875 0.678125 0.13984375 0.26171875
1 0.6734375 0.34296875 0.17109375 0.14453125
1 0.55859375 0.27265625 0.14765625 0.1734375
1 0.43046875 0.20078125 0.1234375 0.1
1 0.37578125 0.14140625 0.12421875 0.115625
1 0.315625 0.07734375 0.103125 0.07421875
1 0.14375 0.078125 0.1046875 0.11015625
2 0.11796875 0.9328125 0.0671875 0.134375
2 0.496875 0.95 0.059375 0.1
2 0.575 0.85859375 0.08359375 0.19921875
2 0.44296875 0.89453125 0.075 0.20625
2 0.37734375 0.92265625 0.065625 0.1234375
2 0.26484375 0.946875 0.0671875 0.10625
2 0.19765625 0.909375 0.0734375 0.18125
2 0.1453125 0.8453125 0.0515625 0.16953125
2 0.1328125 0.65859375 0.05546875 0.10625
2 0.24140625 0.7921875 0.05234375 0.13203125
2 0.30546875 0.871875 0.065625 0.19140625
2 0.04765625 0.57421875 0.05 0.2328125
2 0.09453125 0.60234375 0.0375 0.24609375
2 0.19140625 0.621875 0.03515625 0.2171875
2 0.62890625 0.46640625 0.046875 0.2046875
2 0.46953125 0.825 0.0796875 0.1859375