2 0.83203125 0.515625 0.04296875 0.1234375
2 0.91171875 0.60234375 0.0390625 0.17265625
2 0.709375 0.50546875 0.0453125 0.1390625
2 0.584375 0.53515625 0.0375 0.15078125
2 0.5265625 0.5640625 0.03828125 0.1515625
2 0.49453125 0.6546875 0.0421875 0.1484375
2 0.41015625 0.690625 0.04609375 0.21484375
2 0.34453125 0.59453125 0.0375 0.1671875
2 0.82421875 0.7671875 0.04765625 0.2125
2 0.9359375 0.89453125 0.046875 0.21015625
2 0.971875 0.72109375 0.05625 0.19921875
2 0.62109375 0.94609375 0.0703125 0.10703125
2 0.49921875 0.9484375 0.06015625 0.10234375
2 0.4125 0.94296875 0.053125 0.11328125
2 0.7953125 0.3921875 0.034375 0.1296875
2 0.72890625 0.41015625 0.0296875 0.14140625
2 0.659375 0.40859375 0.02890625 0.12578125
2 0.68046875 0.453125 0.0296875 0.13046875
2 0.3671875 0.47734375 0.03125 0.10625
2 0.38359375 0.62890625 0.03515625 0.1796875
2 0.4578125 0.61796875 0.034375 0.16796875
2 0.43046875 0.5078125 0.034375 0.1484375
2 0.46171875 0.45 0.03046875 0.13515625
2 0.69765625 0.309375 0.02421875 0.11171875
2 0.621875 0.32109375 0.02265625 0.1078125
2 0.58515625 0.35234375 0.02265625 0.065625
2 0.5375 0.35859375 0.021875 0.07734375
1 0.57578125 0.45859375 0.09609375 0.14140625
1 0.6609375 0.7171875 0.18203125 0.2640625
1 0.81640625 0.66953125 0.15546875 0.18984375
1 0.490625 0.878125 0.17578125 0.23125
1 0.2140625 0.93515625 0.225 0.1296875
1 0.190625 0.83984375 0.19296875 0.17421875
1 0.78203125 0.9359375 0.2046875 0.128125
1 0.22578125 0.69765625 0.159375 0.24375
1 0.228125 0.56484375 0.1046875 0.07578125
1 0.2828125 0.47578125 0.09296875 0.140625
1 0.2609375 0.3921875 0.1 0.1125
1 0.27109375 0.2515625 0.075 0.06484375
1 0.26953125 0.32734375 0.0921875 0.08046875