1 0.515625 0.8875 0.13125 0.225
1 0.73359375 0.8953125 0.1375 0.20859375
1 0.8796875 0.88125 0.14765625 0.22265625
1 0.859375 0.725 0.10859375 0.1375
1 0.98046875 0.815625 0.0390625 0.2
1 0.96015625 0.71875 0.07890625 0.16796875
1 0.8984375 0.6609375 0.08515625 0.1125
1 0.8 0.67734375 0.1046875 0.15234375
1 0.69609375 0.70703125 0.12890625 0.21640625
1 0.46328125 0.734375 0.10390625 0.1734375
1 0.26328125 0.85625 0.184375 0.28359375
1 0.3859375 0.671875 0.07578125 0.14609375
1 0.08671875 0.921875 0.16796875 0.15546875
1 0.05546875 0.8328125 0.1109375 0.15546875
1 0.14453125 0.70625 0.1390625 0.1375
1 0.26015625 0.63671875 0.071875 0.096875
1 0.32734375 0.56796875 0.07734375 0.096875
1 0.46171875 0.4765625 0.08125 0.153125
1 0.515625 0.6453125 0.071875 0.10625
1 0.65 0.5515625 0.0921875 0.115625
1 0.759375 0.57421875 0.0828125 0.0578125
1 0.84609375 0.57890625 0.08359375 0.0546875
1 0.8203125 0.51640625 0.08046875 0.06640625
1 0.546875 0.60703125 0.071875 0.11484375
1 0.55234375 0.5015625 0.05546875 0.096875
1 0.38515625 0.50546875 0.065625 0.0921875
0 0.52421875 0.40234375 0.078125 0.14140625
2 0.35859375 0.94453125 0.0453125 0.1109375
2 0.42109375 0.9484375 0.04765625 0.10234375
2 0.6203125 0.93671875 0.040625 0.1265625
2 0.90703125 0.94140625 0.040625 0.1171875
2 0.62734375 0.8171875 0.03671875 0.075
2 0.3671875 0.7125 0.02421875 0.0625
2 0.9484375 0.96328125 0.0421875 0.0734375
2 0.1328125 0.77265625 0.03359375 0.1125
2 0.17265625 0.721875 0.03125 0.09609375