1 0.403125 0.8078125 0.10625 0.1359375
1 0.51015625 0.6828125 0.090625 0.11484375
1 0.60859375 0.60546875 0.06484375 0.0921875
1 0.51640625 0.61171875 0.059375 0.0625
1 0.27109375 0.696875 0.1015625 0.08046875
1 0.653125 0.5609375 0.0484375 0.06953125
1 0.83984375 0.65703125 0.04765625 0.0984375
1 0.87578125 0.7265625 0.15390625 0.16328125
1 0.85625 0.56875 0.05078125 0.06796875
2 0.690625 0.53125 0.04375 0.07109375
2 0.190625 0.86171875 0.0375 0.13671875
2 0.25703125 0.78984375 0.0390625 0.12578125
2 0.59140625 0.7609375 0.03359375 0.1328125
2 0.6546875 0.84609375 0.04140625 0.13984375
2 0.6875 0.8046875 0.03515625 0.13203125
2 0.80546875 0.94765625 0.0546875 0.1046875
2 0.815625 0.78984375 0.03203125 0.13203125
2 0.75234375 0.63828125 0.02734375 0.08828125
2 0.79296875 0.63515625 0.02265625 0.0921875
2 0.3953125 0.7140625 0.0265625 0.053125
2 0.38359375 0.6796875 0.03125 0.08125
2 0.4203125 0.64140625 0.01953125 0.0953125
2 0.2328125 0.7625 0.025 0.12578125
2 0.29296875 0.7375 0.03125 0.1046875
2 0.45 0.603125 0.01875 0.08359375
2 0.46875 0.5921875 0.01484375 0.07265625
2 0.534375 0.5484375 0.0171875 0.0625
2 0.56328125 0.5625 0.015625 0.0671875
2 0.59375 0.6546875 0.0234375 0.0921875
2 0.79765625 0.58046875 0.02109375 0.0703125
1 0.73046875 0.5078125 0.0390625 0.05546875
1 0.7953125 0.53515625 0.0484375 0.07734375