1 0.6953125 0.62578125 0.18125 0.33515625
1 0.91484375 0.83671875 0.1703125 0.3265625
1 0.734375 0.88203125 0.215625 0.2359375
1 0.8984375 0.6109375 0.16875 0.23515625
1 0.809375 0.45 0.14375 0.18984375
1 0.6421875 0.34921875 0.12109375 0.1921875
1 0.32109375 0.45625 0.15859375 0.259375
1 0.490625 0.53046875 0.13125 0.30078125
0 0.10546875 0.75625 0.2109375 0.4875
1 0.49765625 0.32734375 0.10703125 0.15
1 0.34609375 0.3171875 0.10625 0.15078125
1 0.35703125 0.2328125 0.0875 0.0765625
1 0.3703125 0.19296875 0.075 0.10390625
1 0.3890625 0.134375 0.059375 0.075
1 0.47578125 0.165625 0.0734375 0.1109375
1 0.5578125 0.19296875 0.08515625 0.13046875
1 0.58671875 0.15390625 0.06875 0.1203125
1 0.66796875 0.19609375 0.08125 0.13046875
1 0.734375 0.25234375 0.09609375 0.10390625
1 0.765625 0.3203125 0.128125 0.09453125
1 0.49375 0.096875 0.06015625 0.06328125
1 0.6859375 0.146875 0.0859375 0.10546875
1 0.6546875 0.0609375 0.07421875 0.06640625
2 0.29296875 0.7625 0.06640625 0.1734375
2 0.35 0.66328125 0.053125 0.2203125
2 0.428125 0.62890625 0.0484375 0.12421875
2 0.51875 0.7328125 0.06640625 0.20625
2 0.45625 0.88359375 0.08515625 0.215625
2 0.42578125 0.765625 0.06328125 0.18125
2 0.39296875 0.94453125 0.078125 0.1109375
2 0.284375 0.9125 0.08125 0.17421875
2 0.35390625 0.865625 0.05546875 0.21171875
2 0.1328125 0.4375 0.04296875 0.13828125
2 0.1828125 0.3953125 0.04765625 0.15546875
2 0.2234375 0.3453125 0.0296875 0.15078125
2 0.24921875 0.253125 0.0296875 0.13359375
2 0.21875 0.2609375 0.02421875 0.0609375
2 0.5578125 0.2921875 0.0328125 0.1296875
2 0.678125 0.41953125 0.0421875 0.07109375
2 0.553125 0.88125 0.0609375 0.23046875
2 0.275 0.20703125 0.02109375 0.11875