1 0.53046875 0.95 0.165625 0.09921875
1 0.92421875 0.90625 0.14921875 0.1875
1 0.821875 0.86875 0.14296875 0.2375
1 0.80234375 0.746875 0.13203125 0.15078125
1 0.853125 0.66015625 0.1171875 0.17421875
1 0.8765625 0.50859375 0.09765625 0.1421875
1 0.76796875 0.47109375 0.090625 0.1484375
1 0.6703125 0.60234375 0.1 0.1734375
1 0.54609375 0.48203125 0.096875 0.1921875
1 0.5375 0.3078125 0.09296875 0.1421875
1 0.86484375 0.38515625 0.08515625 0.109375
1 0.81328125 0.3421875 0.06953125 0.11328125
1 0.97734375 0.61484375 0.0453125 0.1671875
1 0.42109375 0.29609375 0.0703125 0.11484375
1 0.3171875 0.29609375 0.0734375 0.103125
1 0.70859375 0.3125 0.0671875 0.0890625
2 0.05859375 0.6140625 0.040625 0.184375
2 0.16015625 0.91015625 0.05 0.15859375
2 0.13828125 0.81875 0.0453125 0.23125
2 0.35859375 0.94453125 0.06484375 0.1109375
2 0.221875 0.95390625 0.053125 0.0921875
2 0.25078125 0.921875 0.040625 0.140625
2 0.22421875 0.84453125 0.0484375 0.1734375
2 0.30703125 0.82578125 0.0359375 0.2296875
2 0.346875 0.8546875 0.0484375 0.165625
2 0.48046875 0.8484375 0.04140625 0.12578125
2 0.6390625 0.90625 0.0375 0.1875
2 0.671875 0.87734375 0.04609375 0.2390625
2 0.49140625 0.75625 0.04296875 0.20078125
2 0.57578125 0.67265625 0.03671875 0.15234375
2 0.58671875 0.84765625 0.0453125 0.17421875
2 0.22109375 0.69140625 0.03984375 0.1328125
2 0.09921875 0.47734375 0.03046875 0.15234375
2 0.025 0.403125 0.034375 0.15703125
2 0.1484375 0.43984375 0.03125 0.1484375
2 0.18515625 0.603125 0.0296875 0.18515625
2 0.26484375 0.64765625 0.03359375 0.2015625
2 0.240625 0.6046875 0.021875 0.18125
2 0.3703125 0.69609375 0.0375 0.19921875
2 0.409375 0.80859375 0.04375 0.23359375
2 0.4375 0.66796875 0.03671875 0.1203125
2 0.46328125 0.6109375 0.034375 0.18203125
2 0.446875 0.4953125 0.0328125 0.15390625
2 0.40078125 0.45703125 0.0296875 0.12421875
2 0.3703125 0.4484375 0.02421875 0.1296875
2 0.42890625 0.31796875 0.021875 0.11875
2 0.23203125 0.4484375 0.02578125 0.14140625
2 0.303125 0.47109375 0.028125 0.13984375
2 0.33515625 0.3921875 0.0265625 0.14765625
2 0.28125 0.4265625 0.0203125 0.1140625
2 0.6078125 0.4578125 0.0296875 0.16875
2 0.96796875 0.48984375 0.02578125 0.1078125
2 0.9109375 0.71796875 0.0453125 0.1859375
2 0.984375 0.73046875 0.03125 0.1984375
2 0.76796875 0.575 0.0421875 0.18125
2 0.91015625 0.56015625 0.0359375 0.1703125
2 0.8421875 0.53515625 0.0375 0.08046875
2 0.6203125 0.7390625 0.0359375 0.165625
2 0.31484375 0.64609375 0.03046875 0.13984375
2 0.40703125 0.62734375 0.03203125 0.1640625
2 0.03671875 0.9546875 0.05234375 0.090625
2 0.01328125 0.915625 0.02578125 0.13125
2 0.17890625 0.40859375 0.02421875 0.14140625
2 0.0765625 0.34375 0.02265625 0.1359375
2 0.109375 0.3796875 0.0296875 0.1140625
2 0.36796875 0.34375 0.01953125 0.0890625
2 0.490625 0.43515625 0.02421875 0.13125
2 0.33984375 0.5296875 0.0234375 0.10625
2 0.15390625 0.2828125 0.0234375 0.11640625
2 0.2203125 0.3203125 0.021875 0.11328125
2 0.6203125 0.61328125 0.0296875 0.10859375
2 0.70625 0.3953125 0.025 0.1328125
2 0.67265625 0.4578125 0.0234375 0.1171875