2 0.0796875 0.56171875 0.0328125 0.13515625
2 0.20390625 0.64609375 0.03984375 0.17578125
1 0.3703125 0.6515625 0.09921875 0.16953125
1 0.57734375 0.65625 0.13984375 0.23046875
1 0.49609375 0.34609375 0.07578125 0.14375
1 0.465625 0.28046875 0.0453125 0.06640625
1 0.34765625 0.49296875 0.10390625 0.16171875
1 0.36875 0.41171875 0.0703125 0.11328125
1 0.390625 0.2984375 0.04921875 0.0671875
1 0.3171875 0.2828125 0.0453125 0.08125
1 0.36953125 0.26796875 0.04296875 0.0609375
1 0.31953125 0.21640625 0.03828125 0.053125
2 0.1359375 0.3875 0.02421875 0.0953125
2 0.175 0.3671875 0.02265625 0.05625
2 0.1984375 0.36484375 0.02265625 0.06171875
2 0.24765625 0.4203125 0.02421875 0.09453125
2 0.278125 0.434375 0.025 0.10703125
2 0.30234375 0.36875 0.01953125 0.09140625
2 0.18203125 0.3 0.01875 0.07578125
2 0.24453125 0.2921875 0.01796875 0.0734375
2 0.19921875 0.28125 0.01640625 0.07890625
2 0.215625 0.25546875 0.021875 0.0671875
2 0.2265625 0.546875 0.03359375 0.13515625
2 0.27109375 0.5859375 0.03671875 0.15
2 0.01328125 0.5125 0.02578125 0.1375
2 0.4828125 0.5328125 0.03203125 0.1296875
2 0.421875 0.58046875 0.03828125 0.14609375
2 0.44375 0.76953125 0.04609375 0.17265625
2 0.3625 0.884375 0.04765625 0.21796875
2 0.31953125 0.7671875 0.040625 0.18515625
2 0.234375 0.784375 0.0515625 0.19375
2 0.15234375 0.90390625 0.059375 0.19140625
2 0.0421875 0.88828125 0.05234375 0.2125
2 0.4515625 0.9171875 0.05625 0.16484375
2 0.53125 0.965625 0.05859375 0.06875
2 0.6546875 0.94765625 0.0640625 0.10390625
2 0.0828125 0.7765625 0.0453125 0.18359375
2 0.18515625 0.47265625 0.0546875 0.1515625
2 0.14296875 0.23359375 0.0171875 0.059375
1 0.42578125 0.19375 0.03359375 0.05
1 0.35078125 0.2359375 0.03671875 0.04296875
1 0.37265625 0.22265625 0.0328125 0.0453125
1 0.38203125 0.20625 0.03125 0.05078125
1 0.41484375 0.1359375 0.028125 0.034375
2 0.271875 0.36015625 0.021875 0.08359375
2 0.54921875 0.43125 0.02890625 0.1015625
2 0.5625 0.5046875 0.03359375 0.07890625
2 0.75234375 0.49921875 0.021875 0.1171875
2 0.8078125 0.47578125 0.0265625 0.08828125
2 0.8796875 0.36875 0.01796875 0.0765625
1 0.8140625 0.34609375 0.021875 0.0625
1 0.66171875 0.38984375 0.06328125 0.0890625
1 0.73125 0.4640625 0.090625 0.13046875
1 0.7359375 0.39375 0.0578125 0.0796875
1 0.83046875 0.57890625 0.0984375 0.13046875
1 0.93203125 0.7765625 0.1359375 0.1859375
1 0.93046875 0.65546875 0.1390625 0.128125
1 0.95546875 0.57734375 0.08828125 0.1203125
1 0.88359375 0.51796875 0.078125 0.109375
1 0.959375 0.46953125 0.08125 0.0921875
1 0.93203125 0.4015625 0.0828125 0.0765625
1 0.83671875 0.428125 0.0859375 0.10546875
1 0.975 0.3421875 0.05 0.06875
1 0.8703125 0.32109375 0.06015625 0.07109375
1 0.65 0.3421875 0.0578125 0.06640625
1 0.6984375 0.31640625 0.04375 0.06796875
1 0.6078125 0.27890625 0.05234375 0.0671875
1 0.678125 0.2734375 0.0515625 0.0609375
1 0.775 0.28359375 0.053125 0.06171875
1 0.7359375 0.240625 0.046875 0.0640625
2 0.97265625 0.90078125 0.0546875 0.19296875
1 0.54765625 0.19453125 0.0515625 0.1078125