1 0.38671875 0.784375 0.09921875 0.19296875
1 0.41015625 0.66484375 0.078125 0.1296875
1 0.4078125 0.57578125 0.0640625 0.11328125
1 0.55625 0.77421875 0.09609375 0.19921875
1 0.5734375 0.628125 0.07265625 0.13046875
1 0.44296875 0.50625 0.05546875 0.09921875
1 0.56484375 0.4875 0.0578125 0.09765625
1 0.55234375 0.5640625 0.06640625 0.11328125
1 0.73125 0.59921875 0.11796875 0.21484375
1 0.69375 0.47890625 0.06953125 0.10078125
1 0.80703125 0.7625 0.14140625 0.24296875
1 0.6328125 0.42734375 0.053125 0.090625
1 0.64765625 0.37109375 0.0546875 0.08046875
1 0.56015625 0.4109375 0.05703125 0.08671875
1 0.4484375 0.43828125 0.05234375 0.08359375
1 0.48125 0.4046875 0.04609375 0.07890625
1 0.55234375 0.34296875 0.04375 0.04375
1 0.40859375 0.346875 0.03671875 0.06640625
2 0.4578125 0.8421875 0.0328125 0.16171875
2 0.4796875 0.77109375 0.0296875 0.14453125
2 0.5109375 0.6453125 0.0234375 0.10234375
2 0.6546875 0.83671875 0.03359375 0.1609375
2 0.72734375 0.85546875 0.04140625 0.16328125
2 0.6546875 0.69375 0.03125 0.08828125
2 0.65 0.74375 0.0328125 0.06875
2 0.81796875 0.61328125 0.0296875 0.0828125
2 0.86015625 0.6953125 0.03125 0.11796875
2 0.28671875 0.846875 0.03125 0.16171875
2 0.2421875 0.821875 0.03359375 0.1578125
2 0.14453125 0.8109375 0.0359375 0.15
2 0.190625 0.8390625 0.03984375 0.1625
2 0.078125 0.82265625 0.04296875 0.14453125
2 0.321875 0.7078125 0.02265625 0.10546875
2 0.30546875 0.775 0.0359375 0.1359375
2 0.21015625 0.703125 0.03359375 0.05625
2 0.20703125 0.75546875 0.03359375 0.08515625
2 0.1125 0.76953125 0.0359375 0.13984375
2 0.04765625 0.77890625 0.0359375 0.15078125
2 0.07265625 0.6828125 0.034375 0.1140625
2 0.0203125 0.6875 0.02578125 0.1265625
2 0.03203125 0.71796875 0.02109375 0.096875
2 0.2375 0.675 0.021875 0.12578125
2 0.29453125 0.6484375 0.0265625 0.11796875
2 0.51328125 0.43828125 0.02109375 0.08515625
2 0.61796875 0.68203125 0.034375 0.11484375
2 0.61171875 0.58046875 0.0234375 0.08359375
2 0.64140625 0.57890625 0.0234375 0.07109375
2 0.7578125 0.475 0.02421875 0.06015625
2 0.640625 0.4609375 0.0359375 0.0875
2 0.4734375 0.6546875 0.0234375 0.08828125
2 0.46328125 0.61484375 0.0234375 0.08515625
2 0.49609375 0.5265625 0.0203125 0.071875
2 0.48359375 0.56875 0.015625 0.0890625
2 0.153125 0.715625 0.0265625 0.0984375
2 0.3515625 0.57109375 0.02109375 0.10390625
2 0.271875 0.7375 0.0265625 0.1234375
2 0.31875 0.4296875 0.015625 0.07109375
2 0.38203125 0.39921875 0.01640625 0.0640625
2 0.459375 0.54921875 0.0203125 0.08125
2 0.11875 0.66875 0.025 0.08671875
2 0.215625 0.59375 0.02265625 0.08828125
2 0.18984375 0.6890625 0.0265625 0.10546875
2 0.7109375 0.78828125 0.034375 0.15234375