1 0.165625 0.925 0.0953125 0.11171875
1 0.26953125 0.8875 0.0890625 0.12578125
1 0.3078125 0.93828125 0.125 0.1234375
1 0.43984375 0.92265625 0.1109375 0.14765625
1 0.553125 0.9421875 0.09921875 0.115625
1 0.609375 0.878125 0.09921875 0.1296875
1 0.60390625 0.79765625 0.096875 0.10859375
1 0.56953125 0.765625 0.078125 0.10546875
1 0.57734375 0.71015625 0.07265625 0.10234375
1 0.59375 0.66484375 0.06171875 0.09609375
1 0.628125 0.6328125 0.0828125 0.09140625
1 0.75078125 0.628125 0.06875 0.090625
1 0.69609375 0.75234375 0.075 0.12421875
1 0.80234375 0.88359375 0.10078125 0.1859375
1 0.87265625 0.95 0.146875 0.1
1 0.9375 0.77578125 0.1046875 0.06328125
1 0.87890625 0.7484375 0.08671875 0.08984375
1 0.8109375 0.72109375 0.06875 0.0796875
1 0.9625 0.57890625 0.07421875 0.103125
1 0.453125 0.6796875 0.08046875 0.134375
1 0.3796875 0.725 0.08203125 0.0828125
1 0.12734375 0.8453125 0.0828125 0.1234375
0 0.25546875 0.52265625 0.0921875 0.1734375
1 0.29375 0.6421875 0.0671875 0.10546875
1 0.3734375 0.60859375 0.0609375 0.090625
1 0.4 0.5484375 0.0484375 0.06875
1 0.44921875 0.56796875 0.053125 0.071875
1 0.54609375 0.55078125 0.05546875 0.06015625
1 0.47265625 0.51953125 0.046875 0.0734375
1 0.2734375 0.8203125 0.1 0.08125
1 0.8640625 0.68125 0.08125 0.05859375
2 0.07109375 0.89765625 0.034375 0.14765625
2 0.37265625 0.8890625 0.0265625 0.12578125
2 0.23125 0.73359375 0.0328125 0.090625
2 0.1828125 0.77890625 0.0328125 0.128125
2 0.52109375 0.7921875 0.0328125 0.12265625
2 0.47109375 0.74296875 0.03203125 0.06484375
2 0.515625 0.66875 0.034375 0.09921875
2 0.203125 0.6171875 0.025 0.0953125
1 0.7015625 0.903125 0.1046875 0.0828125
1 0.6421875 0.54921875 0.0546875 0.06640625
1 0.7765625 0.65546875 0.05234375 0.1
1 0.83515625 0.5390625 0.0734375 0.0765625