1 0.5953125 0.94453125 0.14921875 0.11015625
1 0.86015625 0.83671875 0.13828125 0.1609375
1 0.7046875 0.6984375 0.09921875 0.11484375
1 0.53984375 0.6421875 0.08359375 0.11015625
1 0.59609375 0.57265625 0.06875 0.07734375
1 0.67109375 0.553125 0.0609375 0.0859375
1 0.803125 0.6 0.07265625 0.08671875
1 0.75546875 0.49453125 0.04921875 0.06640625
1 0.55703125 0.509375 0.06328125 0.07265625
1 0.6703125 0.48671875 0.05234375 0.05234375
1 0.7125 0.46796875 0.04296875 0.05625
1 0.52265625 0.44921875 0.0359375 0.0609375
2 0.4171875 0.89453125 0.04765625 0.1546875
2 0.52578125 0.81171875 0.03671875 0.1421875
2 0.5921875 0.753125 0.03515625 0.13359375
2 0.80546875 0.65859375 0.03203125 0.0984375
2 0.29921875 0.971875 0.03984375 0.05546875
2 0.1484375 0.91328125 0.046875 0.15625
2 0.05 0.95078125 0.04375 0.0984375
2 0.01875 0.81953125 0.0328125 0.14453125
2 0.08046875 0.87578125 0.03828125 0.14765625
2 0.1234375 0.82578125 0.02734375 0.1375
2 0.31953125 0.8203125 0.04140625 0.16171875
2 0.4125 0.76640625 0.040625 0.128125
2 0.23359375 0.690625 0.02421875 0.10234375
2 0.2453125 0.78984375 0.03125 0.1328125
2 0.171875 0.7828125 0.03046875 0.11875
2 0.1421875 0.71484375 0.02265625 0.1109375
2 0.3125 0.67890625 0.02109375 0.096875
2 0.4578125 0.70625 0.0296875 0.1109375
2 0.38515625 0.671875 0.021875 0.10234375
2 0.359375 0.6515625 0.0171875 0.09921875
2 0.4796875 0.6125 0.0234375 0.09140625
2 0.26640625 0.71640625 0.0265625 0.10703125
2 0.121875 0.6953125 0.0234375 0.09765625
2 0.26015625 0.58046875 0.02109375 0.075
2 0.1984375 0.6125 0.02265625 0.08046875
2 0.16171875 0.58359375 0.0234375 0.078125
2 0.18828125 0.73125 0.03125 0.1015625
2 0.425 0.64296875 0.01953125 0.09921875
2 0.49296875 0.72890625 0.034375 0.12421875
2 0.84375 0.64765625 0.0296875 0.1015625
2 0.28671875 0.6640625 0.0203125 0.10703125
2 0.21875 0.58046875 0.0171875 0.09140625
2 0.32578125 0.625 0.0203125 0.090625
2 0.4 0.59296875 0.0234375 0.08046875
2 0.18984375 0.5328125 0.03359375 0.0671875
2 0.62578125 0.51171875 0.02109375 0.06484375
2 0.6125 0.43203125 0.01328125 0.05
2 0.43828125 0.5984375 0.02421875 0.08046875
2 0.46953125 0.55390625 0.00078125 0.00078125