1 0.1939506 0.527326371875 0.15062444375 0.5221212578125 0.1106310578125 0.5863178718750001 0.1028545640625 0.6591897062500001 0.105076425 0.6609248562500001 0.18395224375000002 0.666129840625 0.2161691328125 0.615813621875 0.2106145 0.5516170078125 0.1939506 0.527326371875
1 0.275 0.50546875 0.0828125 0.19921875
0 0.27109375 0.309375 0.090625 0.15390625
1 0.5029159921875 0.9159761046874999 0.5029159921875 0.8049333078125 0.48514118125000005 0.768497421875 0.3940452296875 0.76502745625 0.388490596875 0.7632923046875 0.38515778125 0.7615572234375 0.3707157015625 0.964557371875 0.3995998640625 0.9940530546874999 0.491806725 0.9975230890625 0.5029159921875 0.9159761046874999
1 0.7573182968750001 0.8656598234375 0.7573182968750001 0.7962580890625001 0.740654396875 0.7806427390625 0.7206576828125 0.7233862546875 0.6906626984375001 0.6869505046875 0.62733974375 0.6904204734375 0.606232203125 0.7043009375 0.602899390625 0.70083070625 0.6017884796875 0.7962580890625001 0.668444165625 0.8708650046875 0.7173248703125 0.87780520625 0.7573182968750001 0.8656598234375
1 0.556732890625 0.6601742703125 0.5549150390625 0.6033910703124999 0.540977940625 0.547554278125 0.5300706890625 0.5267336796875 0.4870474921875 0.5305192421875 0.4852296390625 0.5295728703125 0.4694746890625 0.563642796875 0.47129254062500003 0.62137240625 0.4870474921875 0.6507104328125 0.556732890625 0.6601742703125
1 1 0.69919055 0.983713165625 0.6764773125 0.9473555671874999 0.6707989328124999 0.9170575671875 0.68120925 0.8958489671875001 0.7256893859375 0.894637065625 0.8051859296874999 0.899484671875 0.83073835625 0.9340244656250001 0.8638619109375 0.9649283687500001 0.8648082859375 1 0.8771113484375 1 0.69919055
1 1 0.8818432843749999 0.9606866671875001 0.8685938484375001 0.8819118687499999 0.874272159375 0.872216471875 0.9206451484375 0.899484671875 0.998601315625 1 1 1 0.8818432843749999
1 0.82131586875 0.8703057765625 0.7558721703125 0.8693593671875 0.7152728703125 0.8797696484375 0.7037596203125001 0.9393920390625 0.7152728703125 0.995228903125 0.9013025703125 0.9999608406249999 0.86373306875 0.914785984375 0.82131586875 0.8703057765625
1 0.7648163015625 0.5628475265625 0.7465971453125 0.5413330000000001 0.696383246875 0.54549709375 0.684829615625 0.56562360625 0.689273321875 0.6433535546875 0.708381240625 0.6773604140625 0.7897010843750001 0.659316 0.787034834375 0.6100407265625 0.7648163015625 0.5628475265625
1 0.7695943546875 0.84388079375 0.7732593171875 0.8314322390625 0.81758633125 0.8494329796875 0.8558022359375 0.8445748 0.8723539890625001 0.8335143125 0.872798384375 0.7849330984375 0.8296943765625 0.69679291875 0.790145415625 0.666950153125 0.7212679640624999 0.6752783671875 0.710158696875 0.7044270984375001 0.759373815625 0.807791940625 0.761151271875 0.8390227187500001 0.7695943546875 0.84388079375
1 0.5069531890625 0.8054717234375 0.5065088249999999 0.8068597921875 0.5153962390625 0.7902033640624999 0.50961940625 0.7381520390625 0.49895450312499995 0.7076152921875 0.479846584375 0.6458477390625 0.41896778437500004 0.6416836453125 0.401637321875 0.6618101328125 0.3958605234375 0.69442895 0.397193615625 0.7450922109375 0.406081028125 0.7603605984375 0.4856233828125 0.7610546296875 0.5069531890625 0.8054717234375
1 0.687812034375 0.6798545984375 0.683368328125 0.57783404375 0.6687040828125 0.502186159375 0.6353762828125 0.454298953125 0.565610103125 0.45568699218750003 0.5549451999999999 0.49663401250000005 0.5536121078125 0.566729778125 0.562943884375 0.6236391796875 0.5727200265625 0.6146169578125 0.5953829578125001 0.6826306515625 0.687812034375 0.6798545984375
1 0.468292921875 0.594490471875 0.46740419375000003 0.5570135265625 0.4878452359375 0.5271707734375 0.5118412593749999 0.5188425734375001 0.5069531890625 0.5007981453125 0.498065775 0.47720153125 0.45185122031249997 0.4778955515625 0.4411863171875 0.5084323125 0.4411863171875 0.5584015515625 0.45007372968750003 0.5889383125000001 0.4527399484375 0.595878484375 0.468292921875 0.594490471875
1 0.9180392156250001 0.6793239890625 0.9140399046875001 0.666137596875 0.899375659375 0.6349068156250001 0.887377665625 0.5904897234375001 0.8571604140625 0.55578885625 0.8558273218749999 0.55578885625 0.8078352765625001 0.558564909375 0.7927266671875 0.605758109375 0.793171065625 0.6404589765625001 0.822499521875 0.6862641609375 0.8642703718750001 0.71541284375 0.8953762828125 0.719576934375 0.9180392156250001 0.6793239890625
1 0.84516241875 0.5495426906249999 0.8447180546874999 0.5495426906249999 0.8322756640625 0.5328863015625 0.81050149375 0.5155358703124999 0.7740631140625001 0.52039396875 0.7509558515625 0.54052046875 0.7949485203125 0.58771364375 0.8113902546875 0.5530127765625 0.84516241875 0.5495426906249999
1 0.7269598296875001 0.482223015625 0.738513459375 0.47389483125 0.7269598296875001 0.4364178703125 0.7082962421875 0.4183734171875 0.67363535 0.421843503125 0.6643035734375 0.4447460703125 0.7109624921875 0.5217819968749999 0.7247379765625 0.5210879765625 0.7269598296875001 0.482223015625
1 0.35028430781250003 0.7467749609375 0.3685035 0.714850175 0.37783527656250004 0.7287305203125001 0.3796127671875 0.6815373203124999 0.37561342343750004 0.6496125078125 0.362282303125 0.6107475984375 0.361393575 0.6100535421875 0.3045141171875 0.6051954140625 0.2827399484375 0.63503820625 0.25252276406249996 0.7287305203125001 0.2560777078125 0.7648194015625001 0.3094021890625 0.776617675 0.35028430781250003 0.7467749609375
1 0.37890625 0.55078125 0.08515625 0.159375
1 0.39140625 0.4921875 0.059375 0.1125
1 0.35859375 0.40546875 0.05 0.0734375
1 0.3453125 0.3484375 0.0375 0.0484375
1 0.4625 0.4640625 0.0703125 0.09609375
1 0.4359375 0.415625 0.06015625 0.06640625
1 0.4125 0.37734375 0.04375 0.075
1 0.5484375 0.49921875 0.04765625 0.08984375
1 0.52109375 0.4390625 0.06015625 0.07578125
1 0.484375 0.3640625 0.06484375 0.0796875
1 0.59453125 0.4171875 0.05546875 0.0578125
1 0.65390625 0.40625 0.0578125 0.0640625
1 0.559375 0.36953125 0.065625 0.0640625
2 0.29921875 0.92109375 0.0421875 0.1578125
2 0.24375 0.95 0.04453125 0.1
2 0.178125 0.81953125 0.0421875 0.1328125
2 0.2578125 0.80234375 0.03515625 0.15078125
2 0.22734375 0.84140625 0.034375 0.1109375
2 0.33671875 0.859375 0.040625 0.11953125
2 0.35234375 0.953125 0.0390625 0.09375
2 0.434375 0.9421875 0.05546875 0.11484375
2 0.51796875 0.9578125 0.05078125 0.084375
2 0.58125 0.8171875 0.04140625 0.17890625
2 0.565625 0.71171875 0.0453125 0.0953125
2 0.50859375 0.68125 0.0359375 0.13984375
2 0.6546875 0.890625 0.0453125 0.13515625
2 0.66015625 0.80703125 0.05234375 0.09375
2 0.7921875 0.8203125 0.03984375 0.09921875
2 0.85546875 0.7171875 0.0421875 0.1453125
2 0.5859375 0.665625 0.028125 0.096875
2 0.15703125 0.91171875 0.03671875 0.165625
2 0.12578125 0.85234375 0.0390625 0.115625
2 0.115625 0.9484375 0.0453125 0.10234375
2 0.0609375 0.95234375 0.04375 0.0953125
2 0.015625 0.9453125 0.03125 0.109375
2 0.0171875 0.8375 0.034375 0.1
2 0.0625 0.88203125 0.03828125 0.109375
2 0.09296875 0.82421875 0.0328125 0.1515625
2 0.04296875 0.55625 0.0203125 0.115625
2 0.05390625 0.6875 0.03125 0.07734375
2 0.04375 0.77734375 0.03359375 0.1046875
2 0.0796875 0.76171875 0.02265625 0.09375
2 0.64453125 0.64765625 0.04296875 0.08515625
1 0.759375 0.38515625 0.09453125 0.08125
1 0.71328125 0.3375 0.0671875 0.0546875
1 0.859375 0.3671875 0.0546875 0.07890625
1 0.403125 0.33359375 0.05 0.05546875
1 0.45234375 0.31875 0.03984375 0.07578125
1 0.54140625 0.28359375 0.05234375 0.0671875
1 0.6109375 0.35546875 0.0484375 0.05390625
1 0.44296875 0.26875 0.05234375 0.06796875
2 0.29609375 0.8125 0.03203125 0.1078125
2 0.33046875 0.75390625 0.02578125 0.11484375
2 0.08984375 0.5890625 0.02421875 0.10078125
2 0.12890625 0.69296875 0.00078125 0.00078125