2 0.346875 0.77890625 0.0421875 0.18984375
2 0.459375 0.60546875 0.0359375 0.13046875
2 0.8296875 0.75234375 0.0421875 0.153125
2 0.7296875 0.73515625 0.0359375 0.12109375
2 0.6328125 0.82421875 0.0421875 0.1625
2 0.428125 0.9625 0.059375 0.075
2 0.41328125 0.9125 0.05859375 0.1421875
2 0.52734375 0.95078125 0.0578125 0.0984375
2 0.55859375 0.90703125 0.05 0.16875
2 0.21796875 0.9484375 0.05390625 0.103125
2 0.5125 0.70625 0.04140625 0.09765625
2 0.5671875 0.70390625 0.03046875 0.1703125
2 0.60234375 0.690625 0.03359375 0.16015625
2 0.64921875 0.73125 0.0390625 0.15234375
2 0.6890625 0.84765625 0.05859375 0.14296875
2 0.74765625 0.84140625 0.05 0.1671875
2 0.8453125 0.9484375 0.06328125 0.103125
2 0.88515625 0.671875 0.03984375 0.121875
2 0.84765625 0.65625 0.02734375 0.1296875
2 0.2921875 0.6203125 0.034375 0.14609375
2 0.115625 0.7109375 0.0375 0.15703125
2 0.103125 0.8265625 0.04765625 0.18671875
2 0.51171875 0.6265625 0.0328125 0.07578125
2 0.35390625 0.6546875 0.0328125 0.0671875
2 0.4078125 0.78125 0.0484375 0.121875
2 0.44375 0.86796875 0.0515625 0.2078125
2 0.1953125 0.8859375 0.04765625 0.14453125
2 0.290625 0.96640625 0.05 0.0671875
2 0.303125 0.9078125 0.05234375 0.1046875
2 0.30625 0.83828125 0.0453125 0.115625
2 0.21640625 0.82265625 0.040625 0.14609375
2 0.26015625 0.7046875 0.04140625 0.13515625
2 0.0359375 0.953125 0.04609375 0.09375
2 0.01484375 0.89765625 0.0296875 0.18984375
2 0.084375 0.95859375 0.046875 0.0828125
2 0.08359375 0.8953125 0.05546875 0.1109375
2 0.0328125 0.77265625 0.04140625 0.1671875
2 0.04609375 0.70625 0.04453125 0.16015625
2 0.15546875 0.69765625 0.02734375 0.16875
2 0.08515625 0.62421875 0.02890625 0.14609375
2 0.24453125 0.615625 0.034375 0.10859375
2 0.0515625 0.58125 0.0265625 0.125
2 0.3734375 0.5578125 0.0296875 0.06328125
2 0.1921875 0.6515625 0.03671875 0.1203125
2 0.13203125 0.59375 0.0359375 0.13515625
1 0.371875 0.6578125 0.1125 0.14296875
1 0.45390625 0.4203125 0.06796875 0.0953125
1 0.5234375 0.40234375 0.0625 0.08515625
1 0.71328125 0.66796875 0.109375 0.140625
1 0.7921875 0.63515625 0.0890625 0.13203125
1 0.73515625 0.5453125 0.09140625 0.11875
1 0.64609375 0.45078125 0.0734375 0.08046875
1 0.6640625 0.4140625 0.06171875 0.078125
1 0.70390625 0.40390625 0.06484375 0.08515625
1 0.94375 0.903125 0.1125 0.19375
1 0.696875 0.95390625 0.190625 0.0921875
2 0.4953125 0.52421875 0.0265625 0.10703125
2 0.5265625 0.584375 0.0265625 0.11875
2 0.42890625 0.534375 0.0265625 0.1171875
2 0.01328125 0.66953125 0.0265625 0.1515625
2 0.525 0.84296875 0.03984375 0.17734375
2 0.63671875 0.60859375 0.03125 0.1328125
2 0.31953125 0.56953125 0.0265625 0.12265625
2 0.87578125 0.77578125 0.0375 0.16015625
2 0.91640625 0.78984375 0.0390625 0.1234375
2 0.9640625 0.73828125 0.04609375 0.13515625
2 0.771875 0.79765625 0.03984375 0.1625