1 0.25 0.75625 0.10078125 0.13359375
1 0.58984375 0.675 0.09921875 0.13359375
1 0.33671875 0.5625 0.0609375 0.078125
1 0.40546875 0.38359375 0.028125 0.034375
1 0.51640625 0.42109375 0.03828125 0.046875
1 0.4609375 0.4 0.03125 0.03671875
1 0.44765625 0.5046875 0.0515625 0.06015625
1 0.465625 0.3625 0.03359375 0.03984375
1 0.51640625 0.34375 0.02421875 0.03984375
1 0.4515625 0.3296875 0.01796875 0.02890625
1 0.4921875 0.3265625 0.01796875 0.02421875
1 0.47265625 0.3125 0.01640625 0.01953125
1 0.53515625 0.309375 0.0171875 0.02109375
1 0.51953125 0.296875 0.01484375 0.0203125
1 0.490625 0.296875 0.01484375 0.0171875
1 0.51171875 0.2859375 0.0140625 0.021875
1 0.53203125 0.29140625 0.0140625 0.02109375
1 0.90234375 0.36640625 0.0390625 0.0375
1 0.765625 0.28984375 0.01484375 0.01796875
1 0.74375 0.28984375 0.0109375 0.0171875