1 0.378125 0.43984375 0.0390625 0.04609375
1 0.45 0.5125 0.053125 0.0625
1 0.39765625 0.70078125 0.09453125 0.14375
1 0.44609375 0.4 0.0390625 0.04453125
1 0.521875 0.415625 0.03671875 0.04609375
1 0.83046875 0.33984375 0.025 0.028125
1 0.8453125 0.3328125 0.02265625 0.02578125
1 0.75546875 0.31875 0.01640625 0.021875
1 0.78984375 0.31328125 0.0265625 0.03984375
1 0.809375 0.31640625 0.0171875 0.021875
1 0.76796875 0.29140625 0.01328125 0.01796875
1 0.75625 0.28046875 0.01328125 0.02109375
1 0.515625 0.37265625 0.0296875 0.03671875
1 0.45546875 0.37109375 0.02578125 0.0375
1 0.42265625 0.359375 0.0265625 0.0296875
1 0.440625 0.34140625 0.021875 0.028125
1 0.51640625 0.34296875 0.02421875 0.028125
1 0.48671875 0.32890625 0.01953125 0.02578125
1 0.48046875 0.30703125 0.01640625 0.01875
1 0.50546875 0.31015625 0.01640625 0.02109375
1 0.53125 0.31328125 0.0171875 0.0234375
1 0.51875 0.29765625 0.0171875 0.025
1 0.55390625 0.2890625 0.015625 0.021875
1 0.4734375 0.946875 0.1359375 0.10625