1 0.62421875 0.81015625 0.10703125 0.14296875
1 0.44140625 0.7 0.09921875 0.146875
1 0.3375 0.52265625 0.05234375 0.06328125
1 0.38125 0.42578125 0.03515625 0.04453125
1 0.5484375 0.525 0.05546875 0.06953125
1 0.45625 0.540625 0.0546875 0.07578125
1 0.51796875 0.3640625 0.0265625 0.02890625
1 0.40703125 0.38671875 0.03203125 0.03359375
1 0.48203125 0.33203125 0.02265625 0.0296875
1 0.46484375 0.3125 0.01796875 0.01953125
1 0.4765625 0.303125 0.0171875 0.021875
1 0.53203125 0.3203125 0.01875 0.02265625
1 0.9421875 0.36875 0.040625 0.04140625
1 0.8828125 0.3453125 0.03203125 0.03359375
1 0.8484375 0.3328125 0.02265625 0.02421875
1 0.82578125 0.321875 0.02265625 0.02109375
1 0.80390625 0.32734375 0.01875 0.02109375
1 0.7796875 0.3 0.01484375 0.0171875
2 0.52421875 0.41484375 0.01484375 0.05625