1 0.66328125 0.91875 0.13046875 0.16015625
1 0.44375 0.77109375 0.1140625 0.171875
1 0.5578125 0.55546875 0.06015625 0.07421875
1 0.328125 0.55078125 0.059375 0.075
1 0.37265625 0.4390625 0.03671875 0.046875
1 0.51796875 0.36875 0.028125 0.03515625
1 0.45703125 0.57109375 0.059375 0.0890625
1 0.403125 0.39296875 0.0296875 0.034375
1 0.48125 0.3375 0.02421875 0.03046875
1 0.46171875 0.315625 0.0171875 0.02109375
1 0.47421875 0.3015625 0.01640625 0.02265625
1 0.5296875 0.325 0.01953125 0.025
1 0.50859375 0.30703125 0.01875 0.02421875
1 0.49921875 0.29296875 0.0140625 0.01796875
1 0.540625 0.303125 0.01640625 0.01875
1 0.52265625 0.2953125 0.015625 0.02265625
1 0.92734375 0.3625 0.03828125 0.040625
1 0.8734375 0.34140625 0.03046875 0.03359375
1 0.84140625 0.3296875 0.02109375 0.02578125
1 0.82109375 0.3203125 0.0203125 0.0234375
1 0.7984375 0.32578125 0.01875 0.021875
1 0.778125 0.29765625 0.015625 0.0171875
1 0.74609375 0.29140625 0.01328125 0.01796875
2 0.52421875 0.42734375 0.01953125 0.053125